-2.282888482912470351e+01 -1.754024754950769349e+01 -3.227619810240862197e+00 -4.071549194067467514e-01 3.498194324653092213e-01 1.514225225531685926e+00
-1.722692196273374776e+00 -1.306025696092655730e+00 -3.905188621767755608e-01 -4.290361674967668043e-02 5.206045352764216566e-02 1.146646564183061295e-01
-1.036894578492847430e+01 -8.130709182916090683e+00 -5.420392810847496357e-01 -1.268579756692247706e-01 9.215506096018254156e-02 6.849713692890426753e-01
-2.732339547756008002e+01 3.856008072863519942e+01 -4.256196584639055480e+00 -7.839010334911502564e-01 -8.070230517503832468e-01 2.102625145882254021e+00
-1.292428097259939124e+00 1.046998724072739861e+00 2.845019550812858955e-01 5.146935192506764400e-02 5.070300238260226633e-02 3.111168611265730521e-01
2.328183059901667018e-01 -3.653802698379188946e-02 1.056656216115241298e+00 2.323594113931347904e-01 -8.283281851960475062e-02 -5.194783454601113043e-02
2.334081515433605425e+00 -2.667387644590804907e+00 -1.047129467652021112e-01 -1.779144788682020945e-02 -9.680972082544453405e-03 -5.848961275048575326e-01
-1.714579288765834819e-01 -2.413027191040078845e-01 4.567239441447836223e-01 1.875952704680297622e-02 1.091126536293330826e-02 9.790057428389169203e-03
5.862851885056201695e-01 -1.213764377025327912e+00 7.807882273992919231e+00 3.940114707062414290e-01 -4.538831636541056785e-02 -6.380256372099421536e-02
6.297176408158375316e-02 -2.383653494404614631e-02 3.312114278060908634e-01 1.616076102900869046e-02 2.453020264934922725e-03 -5.231091060614767758e-03
-4.913764243036990997e+00 6.373621289181999217e+00 -3.033868845826626637e-01 4.253070798158969934e-02 1.218777299542907755e-01 3.900031269230906927e-01
8.259431027106591827e+00 4.321075851799060175e+00 2.947432860484777706e+00 6.174679783469915195e-01 -2.886967543570939654e-02 -1.623233961452254848e+00
7.835906078133081820e+00 2.474398744196864897e+00 2.430311792343366473e-01 6.380611563773734562e-02 -1.050447566444956266e-01 -1.595867919468858531e+00
1.507338636922730124e-01 -2.644982085957907070e-01 -4.355968870670249848e-01 -9.524012756390816403e-02 3.227466467202158573e-02 -4.034184756408493860e-02
-7.813157471670910681e-01 -6.007557620472334659e-01 -1.242872348998735471e-01 -1.580737292067611877e-02 1.810431743708573391e-02 5.185067895008483446e-02
8.087223218239682557e-03 -1.244781838382595651e-01 -5.361113413632538904e-01 -1.176109414044282375e-01 4.106866996238420220e-02 -5.236727359749840209e-03
8.100294100506157946e+00 1.879981638631251784e+00 2.251458219151419637e+00 4.693711626198223130e-01 6.275622334600682029e-03 -1.667757002421294210e+00
4.004613241294622483e+00 3.217601144925731127e+00 -5.010918034122773257e-01 -1.250651728417775076e-02 1.018837064090247074e-01 -2.626525324871019640e-01
9.857322505411833004e-04 -5.252161611231453281e-02 -2.389872178112337209e-01 -5.243431404459801548e-02 1.832743346034150511e-02 -1.678738031955179320e-03
7.894717960364490417e-02 -9.877331350449239378e-02 1.080772980529610905e+00 7.913663674470773624e-02 -1.321663293020572949e-01 -8.311152046776399197e-03
-2.477961184071301837e+00 -1.841373352627484028e+00 -1.975751995626372770e-01 -3.511714603654417233e-03 -1.320159272689972740e-01 1.643730723804920912e-01
1.184027833538774610e+00 -1.036396534771565037e+01 1.300409128412453930e+00 2.271466283353466564e-01 1.406832563259902691e-01 -1.294015767405823913e-01
3.718802572264412909e+00 3.182514039161278507e+00 -1.465426137602776624e+00 -6.851798596447705725e-02 1.363927046879952754e-01 -2.407918286136743469e-01
-1.602033604979065373e+01 -8.679965940259126711e+00 1.214028916910069533e+00 1.054420789581190371e-01 3.734174839149048131e-01 1.093901938214603131e+00
1.348691478364498986e+00 -1.500147488028882092e+00 1.307444900511109953e-01 3.168212980510792809e-02 -2.026648523249823669e-02 -3.368218583108898989e-01
-1.770272081048258883e+01 1.989805297687637520e+01 6.217668748740988072e+00 8.012559074913054857e-01 2.771262047291009334e-01 1.392620052801982311e+00
-1.472193455407956542e+00 1.683344930719175236e+00 7.033616665641868881e-02 1.216295907105483833e-02 5.777048616048537609e-03 3.689418043280547899e-01
1.092129980993065685e-01 3.304634975810723518e-01 2.111722987231653192e+00 4.635784997432376708e-01 -1.628386256306360580e-01 -1.468501818657042511e-02
-7.872401327701417095e-01 -4.184352403363238437e+00 1.207946954563640374e-01 2.074685021184233952e-02 6.130454051485355327e-02 3.449251158231723957e-02
-2.666289915246555342e+00 -1.431987152351686632e+01 -1.167532628002358186e-01 -3.250733929357293994e-02 1.555296823152348129e-01 1.105703539163804539e-01
-1.112098016967492775e+00 -5.718330426306078351e+00 8.555623408781639627e-01 1.631669284021295685e-01 1.544619298533930762e-01 5.686856991011305512e-02
