-4.010353373970362290e-01 4.288479699496687836e-01 1.264420425435811346e+00
-4.209533379223174415e-02 5.884871584870294409e-02 9.276042269252122996e-02
-1.088461108215138806e-01 9.678182739481340502e-02 5.852590600435383372e-01
-9.803082891262792087e-01 -6.820307630509615526e-01 2.284576187053906970e+00
4.126825840685715424e-02 7.141726017025332163e-02 2.994591126393948421e-01
2.400029612310401739e-01 -7.642257536043595145e-02 -5.006660674297209318e-02
4.739640441638696966e-02 -6.466592279184345260e-02 -6.477016930891362767e-01
2.230223042113419277e-02 7.827454787341659934e-03 8.259252564372940655e-03
3.860815766997273690e-01 -3.785876047070527856e-02 -4.569529993666427564e-02
1.569023634985043658e-02 2.408116866144729799e-03 -4.453238898070365458e-03
3.458954993225933985e-04 1.513618522781420284e-01 3.979595236573338912e-01
5.958922774132937583e-01 -7.465974697822712336e-02 -1.352590385028696218e+00
3.764913954994870970e-02 -1.672852124664901130e-01 -1.364029820922484371e+00
-1.081548710949279124e-01 2.843413208211879525e-02 -5.469701391084801773e-02
-1.436359061993866190e-02 1.905078836313615215e-02 4.319844312471481790e-02
-1.251418881719787157e-01 3.658890938514126195e-02 -1.582715854083592555e-02
4.541695973992124769e-01 -5.723019963885730976e-02 -1.546631046876375315e+00
-9.007123816369950282e-04 8.278824362340497789e-02 -2.246578889064134443e-01
-5.891718714561919312e-02 1.691170065870382586e-02 -1.149744339265050888e-02
7.138596599082926153e-02 -1.287250797886665965e-01 -2.105082689648115398e-03
-1.143232333904488189e-02 -1.214934865900287320e-01 1.422277166680914195e-01
2.869084197849342543e-01 1.103665586727045345e-01 -1.927025753785973350e-01
-5.557554978678777569e-02 1.126190798668253029e-01 -2.143886884039087892e-01
1.091066743151400537e-01 4.104506036219393583e-01 9.541059967200413716e-01
4.293059774828892478e-02 -3.710822384650207945e-02 -3.105094887785209146e-01
6.010622218051622223e-01 3.402072946954666222e-01 1.441438107793535206e+00
8.158175534403308213e-03 2.266470597230867481e-02 3.233239144567906509e-01
4.772037249521754454e-01 -1.462791794039531301e-01 -2.655124298707752656e-02
3.530187418061764282e-02 5.929857015398342507e-02 -1.117891391694269014e-04
1.134861220974494114e-02 1.407181697351976013e-01 -4.035655982564275573e-03
1.903014382970980023e-01 1.607584699177128928e-01 4.621667555600596222e-03
