-2.441445969107980574e+01 -1.573913229562985450e+01 -8.517558585284943362e-01
-1.763621623761565615e+00 -1.094347080701626229e+00 -2.008083505976462069e-01
-1.126089485484476072e+01 -7.444995290967862722e+00 2.913540538313835193e-01
-2.590867289739865598e+01 3.931675509648562183e+01 -6.776229420096634648e+00
-1.250732884080448581e+00 1.073043950564813942e+00 5.560236230734557639e-01
5.244757364187238036e-01 -2.218351211669873091e-01 9.108210095842435017e-01
2.194378690064313631e+00 -2.965026401768360742e+00 -3.897708458298200229e-01
-1.317592518086866393e-01 -2.025065052155292644e-01 4.965955688013990454e-01
1.640089053834452582e+00 -9.465397579190913957e-01 8.153455920799345336e+00
1.426428536596611452e-01 1.168654622393544215e-02 3.360187688043024812e-01
-4.402709987452643858e+00 6.896818154055289973e+00 -5.156047777878408622e-01
8.768525371449204187e+00 3.239266075541989753e+00 5.352098854258104943e-01
7.899345044446921982e+00 1.723441386624990024e+00 -2.030381063639868255e+00
-4.537756606040024843e-02 -2.698470660875681992e-01 -6.748832194855057809e-01
-8.260816232257468528e-01 -5.243872913889309206e-01 -5.198670756439927737e-02
-1.706242179915759272e-01 -3.836302419360581445e-02 -5.242565559309809720e-01
8.269395327812935292e+00 9.343460971373703794e-01 9.534735144148648311e-02
4.172264419814631253e+00 2.966521974477538848e+00 -7.511427066764698735e-01
-8.986068375138955844e-02 -1.646057784806602420e-02 -2.683837546501507965e-01
1.463752276345297310e-01 -1.927525472169315246e-01 9.969995677230447662e-01
-2.598185786870850222e+00 -1.720969970985404496e+00 -1.530724809858813873e-01
-3.533535361798501029e-01 -1.214113110014645613e+01 1.129120119834049696e+00
3.951145277716881843e+00 3.106928288844798214e+00 -1.880749135263414251e+00
-1.681795900602239513e+01 -7.426708123949459228e+00 2.610989650863444478e+00
1.268088865596744608e+00 -1.704163562595791159e+00 -2.061285820755036358e-01
-1.646099458927031733e+01 2.159308190460255261e+01 4.758468172177141575e+00
-1.314238488746002576e+00 1.860927507295963235e+00 4.090184724532494043e-01
7.254534602406851329e-01 2.403093335508310960e-02 1.942194235813638592e+00
-1.148705376977978254e+00 -4.476798012969989138e+00 2.271068259097129005e-01
-3.872094055698340753e+00 -1.511378001548143324e+01 2.234958394234472789e-01
-1.639859255296392204e+00 -6.361244700003755526e+00 1.017011566249620191e+00
