-2.059050708278639163e+01 -1.967437883601106563e+01 -2.742842772301274490e+00 -4.010353373970362290e-01 4.288479699496687836e-01 1.264420425435811346e+00
-1.528491396387961609e+00 -1.436233219705556063e+00 -3.743852044922708067e-01 -4.209533379223174415e-02 5.884871584870294409e-02 9.276042269252122996e-02
-9.505944635531152542e+00 -9.262405642964898433e+00 -2.457349473110842855e-02 -1.088461108215138806e-01 9.678182739481340502e-02 5.852590600435383372e-01
-2.749367120364778572e+01 3.797411610257221071e+01 -7.897852681895195737e+00 -9.803082891262792087e-01 -6.820307630509615526e-01 2.284576187053906970e+00
-1.223731556015567268e+00 9.356310224883678250e-01 1.746715284179422290e-01 4.126825840685715424e-02 7.141726017025332163e-02 2.994591126393948421e-01
2.277387214812956473e-01 1.463696506522185053e-02 1.041438621720103708e+00 2.400029612310401739e-01 -7.642257536043595145e-02 -5.006660674297209318e-02
2.527010146651338385e+00 -2.931261940457655424e+00 3.640906454799472947e-01 4.739640441638696966e-02 -6.466592279184345260e-02 -6.477016930891362767e-01
-1.761870675082639615e-01 -2.458400412525073853e-01 5.023539608356275554e-01 2.230223042113419277e-02 7.827454787341659934e-03 8.259252564372940655e-03
2.496981969407823243e-01 -8.675716595926005192e-01 7.559338984759960134e+00 3.860815766997273690e-01 -3.785876047070527856e-02 -4.569529993666427564e-02
4.727741031466153876e-02 2.524407857852809618e-04 3.108975660581814182e-01 1.569023634985043658e-02 2.408116866144729799e-03 -4.453238898070365458e-03
-4.901227093821138858e+00 5.914201112879482913e+00 -1.030582401136886261e+00 3.458954993225933985e-04 1.513618522781420284e-01 3.979595236573338912e-01
6.774848173624259395e+00 5.724012525221963799e+00 2.395920681755364878e+00 5.958922774132937583e-01 -7.465974697822712336e-02 -1.352590385028696218e+00
6.590329516525078368e+00 3.810897205808184030e+00 -1.115661305325914149e-01 3.764913954994870970e-02 -1.672852124664901130e-01 -1.364029820922484371e+00
1.980230358465673579e-01 -3.620124503324875231e-01 -4.501235084822520216e-01 -1.081548710949279124e-01 2.843413208211879525e-02 -5.469701391084801773e-02
-7.082827687960101537e-01 -6.770045428322396530e-01 -9.369489104574857397e-02 -1.436359061993866190e-02 1.905078836313615215e-02 4.319844312471481790e-02
4.443312123375797729e-02 -2.005363851842422440e-01 -5.326093970692963309e-01 -1.251418881719787157e-01 3.658890938514126195e-02 -1.582715854083592555e-02
7.249375845628148518e+00 2.625157063933905910e+00 1.946959403483924600e+00 4.541695973992124769e-01 -5.723019963885730976e-02 -1.546631046876375315e+00
3.552363095314583941e+00 3.530815991017939748e+00 -4.891014351566503882e-01 -9.007123816369950282e-04 8.278824362340497789e-02 -2.246578889064134443e-01
3.666401535261074041e-02 -1.130259112463953136e-01 -2.497491828228151356e-01 -5.891718714561919312e-02 1.691170065870382586e-02 -1.149744339265050888e-02
1.019151338784867467e-01 -5.048539204019655141e-02 1.046467637239512971e+00 7.138596599082926153e-02 -1.287250797886665965e-01 -2.105082689648115398e-03
-2.141756535994015831e+00 -2.061816972102218593e+00 -1.444669748103009077e-01 -1.143232333904488189e-02 -1.214934865900287320e-01 1.422277166680914195e-01
1.264142695603159394e+00 -1.234984445316583646e+01 2.571842258186359587e+00 2.869084197849342543e-01 1.103665586727045345e-01 -1.927025753785973350e-01
3.423159951612235297e+00 3.548651799692001507e+00 -1.472665573982444354e+00 -5.557554978678777569e-02 1.126190798668253029e-01 -2.143886884039087892e-01
-1.483910518708833415e+01 -9.599845713715172479e+00 1.372736365655251589e+00 1.091066743151400537e-01 4.104506036219393583e-01 9.541059967200413716e-01
1.214224468878148722e+00 -1.384626825232561753e+00 2.611896040338074765e-01 4.293059774828892478e-02 -3.710822384650207945e-02 -3.105094887785209146e-01
-1.765541719006592558e+01 2.079234178381221199e+01 3.275891467894129772e+00 6.010622218051622223e-01 3.402072946954666222e-01 1.441438107793535206e+00
-1.257086809545254535e+00 1.495721193198289667e+00 -4.533154183928657377e-02 8.158175534403308213e-03 2.266470597230867481e-02 3.233239144567906509e-01
1.687512037539213861e-01 3.649147137349207370e-01 2.052586150296597189e+00 4.772037249521754454e-01 -1.462791794039531301e-01 -2.655124298707752656e-02
-6.244143859485672410e-01 -4.903058545775115462e+00 4.853909152943043370e-01 3.530187418061764282e-02 5.929857015398342507e-02 -1.117891391694269014e-04
-2.123679582653828835e+00 -1.683001432754686277e+01 1.118651413157811358e+00 1.134861220974494114e-02 1.407181697351976013e-01 -4.035655982564275573e-03
-8.543401382756268259e-01 -6.506888201644012604e+00 1.359263741011951021e+00 1.903014382970980023e-01 1.607584699177128928e-01 4.621667555600596222e-03
