-5.862670361341541098e-02 3.550082908435229223e-01 1.613077321424466026e+00
-1.473144103220972410e-02 5.022275820271016045e-02 1.180520039326052317e-01
1.521418315350118143e-02 1.093491548389684959e-01 7.400328719483711959e-01
-1.270739864806632147e+00 -5.171827220296579819e-01 2.282550102483666965e+00
1.168165570568020645e-01 2.341236472508758520e-02 3.124415144699240199e-01
1.969809853895890805e-01 -8.873945494138875401e-02 -1.190712247327170292e-01
-8.784852116763509911e-02 1.410568746305860275e-04 -6.014795755119692888e-01
2.346151242961690836e-02 1.320331973506601829e-02 8.508316578316455631e-03
4.290608771838302360e-01 -1.338356830665300978e-01 -1.270898171990225145e-01
1.707324047003326573e-02 -1.925317723923489254e-03 -9.943206922725806793e-03
4.747617756023883237e-03 1.708741643645165509e-01 3.871438048590826186e-01
1.096113702475560864e-01 9.475477064147432016e-02 -1.725668767768684386e+00
-4.247345851985345200e-01 2.850254461582093363e-02 -1.599298229749741784e+00
-1.464595984087288527e-01 6.038380478424772158e-02 -4.355444167475341737e-03
-4.149887497099214763e-03 1.909571563142652140e-02 5.499321903867195743e-02
-1.135725004962410273e-01 4.902422510158165742e-02 3.313152510899468328e-02
1.125223866993265917e-02 1.175711110010669719e-01 -1.724779973180618153e+00
-5.856436108421786413e-02 1.047382245181069788e-01 -2.654418804158071854e-01
-5.813771596393832453e-02 2.513637553819245488e-02 1.763883990668074428e-02
6.873956970307819325e-02 -1.318129865928074906e-01 -1.814501097748380878e-02
1.456278929767804500e-02 -1.329939027844932731e-01 1.626820025986792928e-01
2.196638230610887532e-01 5.757006547669752533e-02 -1.013301463698475235e-01
-1.200736471909735203e-01 1.379424454156779056e-01 -2.474530237526036403e-01
3.266132910970250269e-01 4.023740830032974669e-01 1.138346533530730564e+00
-4.661638965955846453e-02 -1.608431244945976923e-03 -3.471134048129653760e-01
5.328994612731391411e-01 3.032776759503929553e-01 1.385804779258548169e+00
9.073433027821875552e-02 -1.560951197894798990e-02 3.645504796634755906e-01
4.206107727035339194e-01 -1.830783552634995537e-01 -1.479201756197232043e-01
3.675361134986156186e-02 2.455699122294441664e-02 3.818740877913121695e-02
1.444091914200530680e-02 3.226470517856921960e-02 1.319829926129829079e-01
1.923586172232746028e-01 9.961865890592165595e-02 5.034906358481180955e-02
