-2.282888482912470351e+01 -1.754024754950769349e+01 -3.227619810240862197e+00
-1.722692196273374776e+00 -1.306025696092655730e+00 -3.905188621767755608e-01
-1.036894578492847430e+01 -8.130709182916090683e+00 -5.420392810847496357e-01
-2.732339547756008002e+01 3.856008072863519942e+01 -4.256196584639055480e+00
-1.292428097259939124e+00 1.046998724072739861e+00 2.845019550812858955e-01
2.328183059901667018e-01 -3.653802698379188946e-02 1.056656216115241298e+00
2.334081515433605425e+00 -2.667387644590804907e+00 -1.047129467652021112e-01
-1.714579288765834819e-01 -2.413027191040078845e-01 4.567239441447836223e-01
5.862851885056201695e-01 -1.213764377025327912e+00 7.807882273992919231e+00
6.297176408158375316e-02 -2.383653494404614631e-02 3.312114278060908634e-01
-4.913764243036990997e+00 6.373621289181999217e+00 -3.033868845826626637e-01
8.259431027106591827e+00 4.321075851799060175e+00 2.947432860484777706e+00
7.835906078133081820e+00 2.474398744196864897e+00 2.430311792343366473e-01
1.507338636922730124e-01 -2.644982085957907070e-01 -4.355968870670249848e-01
-7.813157471670910681e-01 -6.007557620472334659e-01 -1.242872348998735471e-01
8.087223218239682557e-03 -1.244781838382595651e-01 -5.361113413632538904e-01
8.100294100506157946e+00 1.879981638631251784e+00 2.251458219151419637e+00
4.004613241294622483e+00 3.217601144925731127e+00 -5.010918034122773257e-01
9.857322505411833004e-04 -5.252161611231453281e-02 -2.389872178112337209e-01
7.894717960364490417e-02 -9.877331350449239378e-02 1.080772980529610905e+00
-2.477961184071301837e+00 -1.841373352627484028e+00 -1.975751995626372770e-01
1.184027833538774610e+00 -1.036396534771565037e+01 1.300409128412453930e+00
3.718802572264412909e+00 3.182514039161278507e+00 -1.465426137602776624e+00
-1.602033604979065373e+01 -8.679965940259126711e+00 1.214028916910069533e+00
1.348691478364498986e+00 -1.500147488028882092e+00 1.307444900511109953e-01
-1.770272081048258883e+01 1.989805297687637520e+01 6.217668748740988072e+00
-1.472193455407956542e+00 1.683344930719175236e+00 7.033616665641868881e-02
1.092129980993065685e-01 3.304634975810723518e-01 2.111722987231653192e+00
-7.872401327701417095e-01 -4.184352403363238437e+00 1.207946954563640374e-01
-2.666289915246555342e+00 -1.431987152351686632e+01 -1.167532628002358186e-01
-1.112098016967492775e+00 -5.718330426306078351e+00 8.555623408781639627e-01
