-2.441445969107980574e+01 -1.573913229562985450e+01 -8.517558585284943362e-01 -5.862670361341541098e-02 3.550082908435229223e-01 1.613077321424466026e+00
-1.763621623761565615e+00 -1.094347080701626229e+00 -2.008083505976462069e-01 -1.473144103220972410e-02 5.022275820271016045e-02 1.180520039326052317e-01
-1.126089485484476072e+01 -7.444995290967862722e+00 2.913540538313835193e-01 1.521418315350118143e-02 1.093491548389684959e-01 7.400328719483711959e-01
-2.590867289739865598e+01 3.931675509648562183e+01 -6.776229420096634648e+00 -1.270739864806632147e+00 -5.171827220296579819e-01 2.282550102483666965e+00
-1.250732884080448581e+00 1.073043950564813942e+00 5.560236230734557639e-01 1.168165570568020645e-01 2.341236472508758520e-02 3.124415144699240199e-01
5.244757364187238036e-01 -2.218351211669873091e-01 9.108210095842435017e-01 1.969809853895890805e-01 -8.873945494138875401e-02 -1.190712247327170292e-01
2.194378690064313631e+00 -2.965026401768360742e+00 -3.897708458298200229e-01 -8.784852116763509911e-02 1.410568746305860275e-04 -6.014795755119692888e-01
-1.317592518086866393e-01 -2.025065052155292644e-01 4.965955688013990454e-01 2.346151242961690836e-02 1.320331973506601829e-02 8.508316578316455631e-03
1.640089053834452582e+00 -9.465397579190913957e-01 8.153455920799345336e+00 4.290608771838302360e-01 -1.338356830665300978e-01 -1.270898171990225145e-01
1.426428536596611452e-01 1.168654622393544215e-02 3.360187688043024812e-01 1.707324047003326573e-02 -1.925317723923489254e-03 -9.943206922725806793e-03
-4.402709987452643858e+00 6.896818154055289973e+00 -5.156047777878408622e-01 4.747617756023883237e-03 1.708741643645165509e-01 3.871438048590826186e-01
8.768525371449204187e+00 3.239266075541989753e+00 5.352098854258104943e-01 1.096113702475560864e-01 9.475477064147432016e-02 -1.725668767768684386e+00
7.899345044446921982e+00 1.723441386624990024e+00 -2.030381063639868255e+00 -4.247345851985345200e-01 2.850254461582093363e-02 -1.599298229749741784e+00
-4.537756606040024843e-02 -2.698470660875681992e-01 -6.748832194855057809e-01 -1.464595984087288527e-01 6.038380478424772158e-02 -4.355444167475341737e-03
-8.260816232257468528e-01 -5.243872913889309206e-01 -5.198670756439927737e-02 -4.149887497099214763e-03 1.909571563142652140e-02 5.499321903867195743e-02
-1.706242179915759272e-01 -3.836302419360581445e-02 -5.242565559309809720e-01 -1.135725004962410273e-01 4.902422510158165742e-02 3.313152510899468328e-02
8.269395327812935292e+00 9.343460971373703794e-01 9.534735144148648311e-02 1.125223866993265917e-02 1.175711110010669719e-01 -1.724779973180618153e+00
4.172264419814631253e+00 2.966521974477538848e+00 -7.511427066764698735e-01 -5.856436108421786413e-02 1.047382245181069788e-01 -2.654418804158071854e-01
-8.986068375138955844e-02 -1.646057784806602420e-02 -2.683837546501507965e-01 -5.813771596393832453e-02 2.513637553819245488e-02 1.763883990668074428e-02
1.463752276345297310e-01 -1.927525472169315246e-01 9.969995677230447662e-01 6.873956970307819325e-02 -1.318129865928074906e-01 -1.814501097748380878e-02
-2.598185786870850222e+00 -1.720969970985404496e+00 -1.530724809858813873e-01 1.456278929767804500e-02 -1.329939027844932731e-01 1.626820025986792928e-01
-3.533535361798501029e-01 -1.214113110014645613e+01 1.129120119834049696e+00 2.196638230610887532e-01 5.757006547669752533e-02 -1.013301463698475235e-01
3.951145277716881843e+00 3.106928288844798214e+00 -1.880749135263414251e+00 -1.200736471909735203e-01 1.379424454156779056e-01 -2.474530237526036403e-01
-1.681795900602239513e+01 -7.426708123949459228e+00 2.610989650863444478e+00 3.266132910970250269e-01 4.023740830032974669e-01 1.138346533530730564e+00
1.268088865596744608e+00 -1.704163562595791159e+00 -2.061285820755036358e-01 -4.661638965955846453e-02 -1.608431244945976923e-03 -3.471134048129653760e-01
-1.646099458927031733e+01 2.159308190460255261e+01 4.758468172177141575e+00 5.328994612731391411e-01 3.032776759503929553e-01 1.385804779258548169e+00
-1.314238488746002576e+00 1.860927507295963235e+00 4.090184724532494043e-01 9.073433027821875552e-02 -1.560951197894798990e-02 3.645504796634755906e-01
7.254534602406851329e-01 2.403093335508310960e-02 1.942194235813638592e+00 4.206107727035339194e-01 -1.830783552634995537e-01 -1.479201756197232043e-01
-1.148705376977978254e+00 -4.476798012969989138e+00 2.271068259097129005e-01 3.675361134986156186e-02 2.455699122294441664e-02 3.818740877913121695e-02
-3.872094055698340753e+00 -1.511378001548143324e+01 2.234958394234472789e-01 1.444091914200530680e-02 3.226470517856921960e-02 1.319829926129829079e-01
-1.639859255296392204e+00 -6.361244700003755526e+00 1.017011566249620191e+00 1.923586172232746028e-01 9.961865890592165595e-02 5.034906358481180955e-02
