-4.071549194067467514e-01 3.498194324653092213e-01 1.514225225531685926e+00
-4.290361674967668043e-02 5.206045352764216566e-02 1.146646564183061295e-01
-1.268579756692247706e-01 9.215506096018254156e-02 6.849713692890426753e-01
-7.839010334911502564e-01 -8.070230517503832468e-01 2.102625145882254021e+00
5.146935192506764400e-02 5.070300238260226633e-02 3.111168611265730521e-01
2.323594113931347904e-01 -8.283281851960475062e-02 -5.194783454601113043e-02
-1.779144788682020945e-02 -9.680972082544453405e-03 -5.848961275048575326e-01
1.875952704680297622e-02 1.091126536293330826e-02 9.790057428389169203e-03
3.940114707062414290e-01 -4.538831636541056785e-02 -6.380256372099421536e-02
1.616076102900869046e-02 2.453020264934922725e-03 -5.231091060614767758e-03
4.253070798158969934e-02 1.218777299542907755e-01 3.900031269230906927e-01
6.174679783469915195e-01 -2.886967543570939654e-02 -1.623233961452254848e+00
6.380611563773734562e-02 -1.050447566444956266e-01 -1.595867919468858531e+00
-9.524012756390816403e-02 3.227466467202158573e-02 -4.034184756408493860e-02
-1.580737292067611877e-02 1.810431743708573391e-02 5.185067895008483446e-02
-1.176109414044282375e-01 4.106866996238420220e-02 -5.236727359749840209e-03
4.693711626198223130e-01 6.275622334600682029e-03 -1.667757002421294210e+00
-1.250651728417775076e-02 1.018837064090247074e-01 -2.626525324871019640e-01
-5.243431404459801548e-02 1.832743346034150511e-02 -1.678738031955179320e-03
7.913663674470773624e-02 -1.321663293020572949e-01 -8.311152046776399197e-03
-3.511714603654417233e-03 -1.320159272689972740e-01 1.643730723804920912e-01
2.271466283353466564e-01 1.406832563259902691e-01 -1.294015767405823913e-01
-6.851798596447705725e-02 1.363927046879952754e-01 -2.407918286136743469e-01
1.054420789581190371e-01 3.734174839149048131e-01 1.093901938214603131e+00
3.168212980510792809e-02 -2.026648523249823669e-02 -3.368218583108898989e-01
8.012559074913054857e-01 2.771262047291009334e-01 1.392620052801982311e+00
1.216295907105483833e-02 5.777048616048537609e-03 3.689418043280547899e-01
4.635784997432376708e-01 -1.628386256306360580e-01 -1.468501818657042511e-02
2.074685021184233952e-02 6.130454051485355327e-02 3.449251158231723957e-02
-3.250733929357293994e-02 1.555296823152348129e-01 1.105703539163804539e-01
1.631669284021295685e-01 1.544619298533930762e-01 5.686856991011305512e-02
