-2.059050708278639163e+01 -1.967437883601106563e+01 -2.742842772301274490e+00
-1.528491396387961609e+00 -1.436233219705556063e+00 -3.743852044922708067e-01
-9.505944635531152542e+00 -9.262405642964898433e+00 -2.457349473110842855e-02
-2.749367120364778572e+01 3.797411610257221071e+01 -7.897852681895195737e+00
-1.223731556015567268e+00 9.356310224883678250e-01 1.746715284179422290e-01
2.277387214812956473e-01 1.463696506522185053e-02 1.041438621720103708e+00
2.527010146651338385e+00 -2.931261940457655424e+00 3.640906454799472947e-01
-1.761870675082639615e-01 -2.458400412525073853e-01 5.023539608356275554e-01
2.496981969407823243e-01 -8.675716595926005192e-01 7.559338984759960134e+00
4.727741031466153876e-02 2.524407857852809618e-04 3.108975660581814182e-01
-4.901227093821138858e+00 5.914201112879482913e+00 -1.030582401136886261e+00
6.774848173624259395e+00 5.724012525221963799e+00 2.395920681755364878e+00
6.590329516525078368e+00 3.810897205808184030e+00 -1.115661305325914149e-01
1.980230358465673579e-01 -3.620124503324875231e-01 -4.501235084822520216e-01
-7.082827687960101537e-01 -6.770045428322396530e-01 -9.369489104574857397e-02
4.443312123375797729e-02 -2.005363851842422440e-01 -5.326093970692963309e-01
7.249375845628148518e+00 2.625157063933905910e+00 1.946959403483924600e+00
3.552363095314583941e+00 3.530815991017939748e+00 -4.891014351566503882e-01
3.666401535261074041e-02 -1.130259112463953136e-01 -2.497491828228151356e-01
1.019151338784867467e-01 -5.048539204019655141e-02 1.046467637239512971e+00
-2.141756535994015831e+00 -2.061816972102218593e+00 -1.444669748103009077e-01
1.264142695603159394e+00 -1.234984445316583646e+01 2.571842258186359587e+00
3.423159951612235297e+00 3.548651799692001507e+00 -1.472665573982444354e+00
-1.483910518708833415e+01 -9.599845713715172479e+00 1.372736365655251589e+00
1.214224468878148722e+00 -1.384626825232561753e+00 2.611896040338074765e-01
-1.765541719006592558e+01 2.079234178381221199e+01 3.275891467894129772e+00
-1.257086809545254535e+00 1.495721193198289667e+00 -4.533154183928657377e-02
1.687512037539213861e-01 3.649147137349207370e-01 2.052586150296597189e+00
-6.244143859485672410e-01 -4.903058545775115462e+00 4.853909152943043370e-01
-2.123679582653828835e+00 -1.683001432754686277e+01 1.118651413157811358e+00
-8.543401382756268259e-01 -6.506888201644012604e+00 1.359263741011951021e+00
